1        50
2        100
3        200
4        300
5        400
6        500
7        648
8        954
9        1380
10        2040
11        4620
12        5280
13        5940
14        6600
15        7260
16        9456
17        11076
18        12824
19        14070
20        15946
21        18620
22        20580
23        24576
24        29848
25        36564
26        48640
27        60544
28        63456
29        76032
30        84480
31        108372
32        122064
33        144736
34        169520
35        185724
36        214304
37        237088
38        260256
39        302728
40        359790
41        396000
42        438000
43        487900
44        545920
45        652680
46        840000
47        959850
48        1280000
49        1536000
50        2072000
51        2620000
52        3180000
53        3859200
54        4682880
55        5680020
56        6888990
57        8355200
58        10131400
59        14286560
60        18897950
61        23063120
62        28897850
63        33542860
64        39170880
65        45988000
66        53247300
67        62250800
68        72363930
69        85033880
70        120030513
71        172242062
72        264454963
73        324434595
74        393043244
75        456304056
76        567880070
77        672350087
78        785437609
79        894297011
80        969536750
81        1145568000
82        1310003400
83        1472244220
84        1678980900
85        1889525920
86        2000000000
87        2000000000
88        2000000000
89        2000000000
90        2000000000
91        2000000000
92        2000000000
93        2000000000
94        2000000000
95        2000000000
96        2000000000
97        2000000000
98        2000000000
99        2000000000
100        2000000000
101        2000000000
102        2000000000
103        2000000000
104        2000000000
105        2000000000
106        2000000000
107        2000000000
108        2000000000
109        2000000000
110        2000000000
111        2000000000
112        2000000000
113        2000000000
114        2000000000
115        2000000000
116        2000000000
117        2000000000
118        2000000000
119        2000000000
120        2000000000
121        2000000000
122        2000000000
123        2000000000
124        2000000000
125        2000000000
126        2000000000
127        2000000000
128        2000000000
129        2000000000
130        2000000000
131        2000000000
132        2000000000
133        2000000000
134        2000000000
135        2000000000
136        2000000000
137        2000000000
138        2000000000
139        2000000000
140        2000000000
141        2000000000
142        2000000000
143        2000000000
144        2000000000
145        2000000000
146        2000000000
147        2000000000
148        2000000000
149        2000000000
150        2000000000
151        2000000000
152        2000000000
153        2000000000
154        2000000000
155        2000000000
156        2000000000
157        2000000000
158        2000000000
159        2000000000
160        2000000000
161        2000000000
162        2000000000
163        2000000000
164        2000000000
165        2000000000
166        2000000000
167        2000000000
168        2000000000
169        2000000000
170        2000000000
171        2000000000
172        2000000000
173        2000000000
174        2000000000
175        2000000000
176        2000000000
177        2000000000
178        2000000000
179        2000000000
180        2000000000
181        2000000000
182        2000000000
183        2000000000
184        2000000000
185        2000000000
186        2000000000
187        2000000000
188        2000000000
189        2000000000
190        2000000000
191        2000000000
192        2000000000
193        2000000000
194        2000000000
195        2000000000
196        2000000000
197        2000000000
198        2000000000
199        2000000000
200        2000000000
201        2000000000
202        2000000000
203        2000000000
204        2000000000
205        2000000000
206        2000000000
207        2000000000
208        2000000000
209        2000000000
210        2000000000
211        2000000000
212        2000000000
213        2000000000
214        2000000000
215        2000000000
216        2000000000
217        2000000000
218        2000000000
219        2000000000
220        2000000000
221        2000000000
222        2000000000
223        2000000000
224        2000000000
225        2000000000
226        2000000000
227        2000000000
228        2000000000
229        2000000000
230        2000000000
231        2000000000
232        2000000000
233        2000000000
234        2000000000
235        2000000000
236        2000000000
237        2000000000
238        2000000000
239        2000000000
240        2000000000
241        2000000000
242        2000000000
243        2000000000
244        2000000000
245        2000000000
246        2000000000
247        2000000000
248        2000000000
249        2000000000
250        2000000000
251        2000000000
252        2000000000
253        2000000000
254        2000000000
255        2000000000
256        2000000000
257        2000000000
258        2000000000
259        2000000000
260        2000000000
261        2000000000
262        2000000000
263        2000000000
264        2000000000
265        2000000000
266        2000000000
267        2000000000
268        2000000000
269        2000000000
270        2000000000
271        2000000000
272        2000000000
273        2000000000
274        2000000000
275        2000000000
276        2000000000
277        2000000000
278        2000000000
279        2000000000
280        2000000000
281        2000000000
282        2000000000
283        2000000000
284        2000000000
285        2000000000
286        2000000000
287        2000000000
288        2000000000
289        2000000000
290        2000000000
291        2000000000
292        2000000000
293        2000000000
294        2000000000
295        2000000000
296        2000000000
297        2000000000
298        2000000000
299        2000000000
300        2000000000
301        3000000000
302        5000000000
303        8000000000
304        12000000000
305        17000000000
306        23000000000
307	   30000000000
308	   30000000000
307	30000000000
308	30000000000
309	30000000000
310	30000000000
311	30000000000
312	30000000000
313	30000000000
314	30000000000
315	30000000000
316	30000000000
317	30000000000
318	30000000000
319	30000000000
320	30000000000
321	30000000000
322	30000000000
323	30000000000
324	30000000000
325	30000000000
326	30000000000
327	30000000000
328	30000000000
329	30000000000
330	30000000000
331	30000000000
332	30000000000
333	30000000000
334	30000000000
335	30000000000
336	30000000000
337	30000000000
338	30000000000
339	30000000000
340	30000000000
341	30000000000
342	30000000000
343	30000000000
344	30000000000
345	30000000000
346	30000000000
347	30000000000
348	30000000000
349	30000000000
350	30000000000
351	30000000000
352	30000000000
353	30000000000
354	30000000000
355	30000000000
356	30000000000
357	30000000000
358	30000000000
359	30000000000
360	30000000000
361	30000000000
362	30000000000
363	30000000000
364	30000000000
365	30000000000
366	30000000000
367	30000000000
368	30000000000
369	30000000000
370	30000000000
371	30000000000
372	30000000000
373	30000000000
374	30000000000
375	30000000000
376	30000000000
377	30000000000
378	30000000000
379	30000000000
380	30000000000
381	30000000000
382	30000000000
383	30000000000
384	30000000000
385	30000000000
386	30000000000
387	30000000000
388	30000000000
389	30000000000
390	30000000000
391	30000000000
392	30000000000
393	30000000000
394	30000000000
395	30000000000
396	30000000000
397	30000000000
398	30000000000
399	30000000000
400	30000000000
401	30000000000
402	30000000000
403	30000000000
404	30000000000
405	30000000000
406	30000000000
407	30000000000
408	30000000000
409	30000000000
410	30000000000
411	30000000000
412	30000000000
413	30000000000
414	30000000000
415	30000000000
416	30000000000
417	30000000000
418	30000000000
419	30000000000
420	30000000000
421	30000000000
422	30000000000
423	30000000000
424	30000000000
425	30000000000
426	30000000000
427	30000000000
428	30000000000
429	30000000000
430	30000000000
431	30000000000
432	30000000000
433	30000000000
434	30000000000
435	30000000000
436	30000000000
437	30000000000
438	30000000000
439	30000000000
440	30000000000
441	30000000000
442	30000000000
443	30000000000
444	30000000000
445	30000000000
446	30000000000
447	30000000000
448	30000000000
449	30000000000
450	30000000000
451	30000000000
452	30000000000
453	30000000000
454	30000000000
455	30000000000
456	30000000000
457	30000000000
458	30000000000
459	30000000000
460	30000000000
461	30000000000
462	30000000000
463	30000000000
464	30000000000
465	30000000000
466	30000000000
467	30000000000
468	30000000000
469	30000000000
470	30000000000
471	30000000000
472	30000000000
473	30000000000
474	30000000000
475	30000000000
476	30000000000
477	30000000000
478	30000000000
479	30000000000
480	30000000000
481	30000000000
482	30000000000
483	30000000000
484	30000000000
485	30000000000
486	30000000000
487	30000000000
488	30000000000
489	30000000000
490	30000000000
491	30000000000
492	30000000000
493	30000000000
494	30000000000
495	30000000000
496	30000000000
497	30000000000
498	30000000000
499	30000000000
500	30000000000
501	30000000000
502	30000000000
503	30000000000
504	30000000000
505	30000000000
506	30000000000
507	30000000000
508	30000000000
509	30000000000
510	30000000000
511	30000000000
512	30000000000
513	30000000000
514	30000000000
515	30000000000
516	30000000000
517	30000000000
518	30000000000
519	30000000000
520	30000000000
521	30000000000
522	30000000000
523	30000000000
524	30000000000
525	30000000000
526	30000000000
527	30000000000
528	30000000000
529	30000000000
530	30000000000
531	30000000000
532	30000000000
533	30000000000
534	30000000000
535	30000000000
536	30000000000
537	30000000000
538	30000000000
539	30000000000
540	30000000000
541	30000000000
542	30000000000
543	30000000000
544	30000000000
545	30000000000
546	30000000000
547	30000000000
548	30000000000
549	30000000000
550	30000000000
551	30000000000
552	30000000000
553	30000000000
554	30000000000
555	30000000000
556	30000000000
557	30000000000
558	30000000000
559	30000000000
560	30000000000
561	30000000000
562	30000000000
563	30000000000
564	30000000000
565	30000000000
566	30000000000
567	30000000000
568	30000000000
569	30000000000
570	30000000000
571	30000000000
572	30000000000
573	30000000000
574	30000000000
575	30000000000
576	30000000000
577	30000000000
578	30000000000
579	30000000000
580	30000000000
581	30000000000
582	30000000000
583	30000000000
584	30000000000
585	30000000000
586	30000000000
587	30000000000
588	30000000000
589	30000000000
590	30000000000
591	30000000000
592	30000000000
593	30000000000
594	30000000000
595	30000000000
596	30000000000
597	30000000000
598	30000000000
599	30000000000
600	30000000000
601	30000000000
602	30000000000
603	30000000000
604	30000000000
605	30000000000
606	30000000000
607	30000000000
608	30000000000
609	30000000000
610	30000000000
611	30000000000
612	30000000000
613	30000000000
614	30000000000
615	30000000000
616	30000000000
617	30000000000
618	30000000000
619	30000000000
620	30000000000
621	30000000000
622	30000000000
623	30000000000
624	30000000000
625	30000000000
626	30000000000
627	30000000000
628	30000000000
629	30000000000
630	30000000000
631	30000000000
632	30000000000
633	30000000000
634	30000000000
635	30000000000
636	30000000000
637	30000000000
638	30000000000
639	30000000000
640	30000000000
641	30000000000
642	30000000000
643	30000000000
644	30000000000
645	30000000000
646	30000000000
647	30000000000
648	30000000000
649	30000000000
650	30000000000
651	30000000000
652	30000000000
653	30000000000
654	30000000000
655	30000000000
656	30000000000
657	30000000000
658	30000000000
659	30000000000
660	30000000000
661	30000000000
662	30000000000
663	30000000000
664	30000000000
665	30000000000
666	30000000000
667	30000000000
668	30000000000
669	30000000000
670	30000000000
671	30000000000
672	30000000000
673	30000000000
674	30000000000
675	30000000000
676	30000000000
677	30000000000
678	30000000000
679	30000000000
680	30000000000
681	30000000000
682	30000000000
683	30000000000
684	30000000000
685	30000000000
686	30000000000
687	30000000000
688	30000000000
689	30000000000
690	30000000000
691	30000000000
692	30000000000
693	30000000000
694	30000000000
695	30000000000
696	30000000000
697	30000000000
698	30000000000
699	30000000000
700	30000000000
701	30000000000
702	30000000000
703	30000000000
704	30000000000
705	30000000000
706	30000000000
707	30000000000
708	30000000000
709	30000000000
710	30000000000
711	30000000000
712	30000000000
713	30000000000
714	30000000000
715	30000000000
716	30000000000
717	30000000000
718	30000000000
719	30000000000
720	30000000000
721	30000000000
722	30000000000
723	30000000000
724	30000000000
725	30000000000
726	30000000000
727	30000000000
728	30000000000
729	30000000000
730	30000000000
731	30000000000
732	30000000000
733	30000000000
734	30000000000
735	30000000000
736	30000000000
737	30000000000
738	30000000000
739	30000000000
740	30000000000
741	30000000000
742	30000000000
743	30000000000
744	30000000000
745	30000000000
746	30000000000
747	30000000000
748	30000000000
749	30000000000
750	30000000000
751	30000000000
752	30000000000
753	30000000000
754	30000000000
755	30000000000
756	30000000000
757	30000000000
758	30000000000
759	30000000000
760	30000000000
761	30000000000
762	30000000000
763	30000000000
764	30000000000
765	30000000000
766	30000000000
767	30000000000
768	30000000000
769	30000000000
770	30000000000
771	30000000000
772	30000000000
773	30000000000
774	30000000000
775	30000000000
776	30000000000
777	30000000000
778	30000000000
779	30000000000
780	30000000000
781	30000000000
782	30000000000
783	30000000000
784	30000000000
785	30000000000
786	30000000000
787	30000000000
788	30000000000
789	30000000000
790	30000000000
791	30000000000
792	30000000000
793	30000000000
794	30000000000
795	30000000000
796	30000000000
797	30000000000
798	30000000000
799	30000000000
800	30000000000
801	30000000000
802	30000000000
803	30000000000
804	30000000000
805	30000000000
806	30000000000
807	30000000000
808	30000000000
809	30000000000
810	30000000000
811	30000000000
812	30000000000
813	30000000000
814	30000000000
815	30000000000
816	30000000000
817	30000000000
818	30000000000
819	30000000000
820	30000000000
821	30000000000
822	30000000000
823	30000000000
824	30000000000
825	30000000000
826	30000000000
827	30000000000
828	30000000000
829	30000000000
830	30000000000
831	30000000000
832	30000000000
833	30000000000
834	30000000000
835	30000000000
836	30000000000
837	30000000000
838	30000000000
839	30000000000
840	30000000000
841	30000000000
842	30000000000
843	30000000000
844	30000000000
845	30000000000
846	30000000000
847	30000000000
848	30000000000
849	30000000000
850	30000000000
851	30000000000
852	30000000000
853	30000000000
854	30000000000
855	30000000000
856	30000000000
857	30000000000
858	30000000000
859	30000000000
860	30000000000
861	30000000000
862	30000000000
863	30000000000
864	30000000000
865	30000000000
866	30000000000
867	30000000000
868	30000000000
869	30000000000
870	30000000000
871	30000000000
872	30000000000
873	30000000000
874	30000000000
875	30000000000
876	30000000000
877	30000000000
878	30000000000
879	30000000000
880	30000000000
881	30000000000
882	30000000000
883	30000000000
884	30000000000
885	30000000000
886	30000000000
887	30000000000
888	30000000000
889	30000000000
890	30000000000
891	30000000000
892	30000000000
893	30000000000
894	30000000000
895	30000000000
896	30000000000
897	30000000000
898	30000000000
899	30000000000
900	30000000000
901	30000000000
902	30000000000
903	30000000000
904	30000000000
905	30000000000
906	30000000000
907	30000000000
908	30000000000
909	30000000000
910	30000000000
911	30000000000
912	30000000000
913	30000000000
914	30000000000
915	30000000000
916	30000000000
917	30000000000
918	30000000000
919	30000000000
920	30000000000
921	30000000000
922	30000000000
923	30000000000
924	30000000000
925	30000000000
926	30000000000
927	30000000000
928	30000000000
929	30000000000
930	30000000000
931	30000000000
932	30000000000
933	30000000000
934	30000000000
935	30000000000
936	30000000000
937	30000000000
938	30000000000
939	30000000000
940	30000000000
941	30000000000
942	30000000000
943	30000000000
944	30000000000
945	30000000000
946	30000000000
947	30000000000
948	30000000000
949	30000000000
950	30000000000
951	30000000000
952	30000000000
953	30000000000
954	30000000000
955	30000000000
956	30000000000
957	30000000000
958	30000000000
959	30000000000
960	30000000000
961	30000000000
962	30000000000
963	30000000000
964	30000000000
965	30000000000
966	30000000000
967	30000000000
968	30000000000
969	30000000000
970	30000000000
971	30000000000
972	30000000000
973	30000000000
974	30000000000
975	30000000000
976	30000000000
977	30000000000
978	30000000000
979	30000000000
980	30000000000
981	30000000000
982	30000000000
983	30000000000
984	30000000000
985	30000000000
986	30000000000
987	30000000000
988	30000000000
989	30000000000
990	30000000000
991	30000000000
992	30000000000
993	30000000000
994	30000000000
995	30000000000
996	30000000000
997	30000000000
998	30000000000
999	30000000000
1000	30000000000


